2610095	64
2610196	80
2610319	12
2610613	37
2610823	213
2611852	40
2612021	186
2612045	59
2612274	12
2612301	86
2612500	19
2613460	3
2613731	73
2613939	74
2614010	50
2614030	18
2614481	66
2615876	148
2615964	229
2616038	38
2616235	240
2616483	86
2616933	88
2617467	23
2618425	52
2618468	8
2618528	132
2619426	29
2619771	165
2619908	11
2620046	32
2620141	71
2620167	24
2620214	116
2620275	47
2620279	59
2620425	46
2620473	20
2620952	146
2621218	53
2621394	103
2621449	56
2621927	247
2621942	14
2621951	119
2622310	7
2622447	36
2624602	5
2624652	96
2624886	280
2625037	133
Aalborg	136129
Aars	18430
Abybro	19217
Arhus	26049
Copenhagen	15788
Esbjerg	15410
Farso	13264
Fredericia	10906
Frederiksberg	4931
Frederikshavn	84766
Gistrup	37211
Gladsakse Kommune	7373
Greve Kommune	8105
Hadsund	51928
Helsingor	7350
Herning	8980
Hirtshals	18165
Hjallerup	14102
Hjorring	52961
Hobro	26662
Hojslev	21574
Holbæk Kommune	17213
Holstebro	7758
Horsens	12619
Ikast	9032
Kolding	20465
Kolind	2312
Kongens Lyngby	3429
Logstor	22992
Middelfart	4390
Naestved	21353
Nibe	9957
Nykobing Mors	38323
Nørresundby	52515
Odense	8993
Roskilde	35606
Silkeborg	22922
Sindal	9298
Skagen	24251
Skive	41770
Slagelse	14047
Storvorde	29895
Stovring	26142
Strandby	16662
Svendborg	17289
Svenstrup	76303
Tars	16580
Vadum	35114
Vejle	17025
Viborg	5345
Vinderup	8757
Vodskov	18291
weather_city_name	1
